[2.3002565, 2.2983837]
[0.4357518, 0.14104944, 0.10503422, 0.0879022, 0.07818492, 0.06854239, 0.062073294, 0.058177266, 0.054758362, 0.05165235, 0.048157074, 0.046281666, 0.042848907]
[0.44976926, 0.14928187, 0.11056134, 0.09373708, 0.08259741, 0.07473223, 0.06726763, 0.06269073, 0.05909299, 0.055477366, 0.053167757, 0.049531255, 0.0482825, 0.04529893, 0.044875927, 0.04288503]
[2.2871432, 2.2576358, 2.2198107, 2.161529, 2.0617127, 1.8746691, 1.5540345, 1.1690688, 0.87785333, 0.70050925, 0.5960089, 0.5315191, 0.4852195, 0.4508216, 0.42267936, 0.40165323, 0.38735938, 0.3691701, 0.35747135, 0.3453231, 0.3349166, 0.3268914, 0.31546438, 0.308418, 0.3017646, 0.29334855, 0.2872905, 0.28209677, 0.27305195, 0.26904652, 0.26445287, 0.2580917, 0.25361902, 0.24738869, 0.24377827, 0.23964107, 0.23505211, 0.23127921, 0.22859238, 0.2228713, 0.22026025, 0.21643037, 0.21332178, 0.2100402, 0.20578548, 0.20322686, 0.19950724, 0.19779162, 0.19546126, 0.192909]
[0.49428087, 0.14508677, 0.10460899, 0.08630284, 0.07571363, 0.06455405, 0.056777313, 0.05294613, 0.04956369, 0.04556042, 0.041905623, 0.039999638, 0.036166087, 0.033964153, 0.03409369, 0.03114804]
[0.50308347, 0.32635424, 0.31299314, 0.3111435, 0.309596]
[0.3932532, 0.11948586, 0.08660186, 0.072138436, 0.06382938, 0.057150904, 0.052368768, 0.047914226, 0.046181213, 0.042349976, 0.040996645, 0.03878444, 0.03747527, 0.035919998, 0.03562118]
[0.3952348, 0.12070118, 0.08913967, 0.07507647, 0.06546786, 0.0606762, 0.055505432, 0.053531647, 0.0516199, 0.049220923, 0.04705218, 0.048658863, 0.045772452, 0.04590896]
[2.2761328, 2.17598, 1.8819143, 1.2440674, 0.79609734, 0.61374897, 0.52158123, 0.46735513, 0.43115923, 0.40116468, 0.3767014, 0.35774055, 0.34202033, 0.32582742, 0.31203938, 0.3000644, 0.29106066, 0.2822813, 0.2724228, 0.26293236, 0.25595057, 0.24765019, 0.2407148, 0.23363133, 0.23065625, 0.22135523, 0.21724157, 0.21223116, 0.20771381, 0.20376931, 0.19841862, 0.19503886, 0.19110034, 0.18639854, 0.18424349, 0.17890885, 0.17743258, 0.17676984, 0.16994932, 0.1690241, 0.16552903, 0.1621553, 0.15933254, 0.15891337, 0.15640463, 0.15522186, 0.1522449, 0.14977475, 0.14959615, 0.14456664]
[2.276268, 2.0926826, 1.1378255, 0.5682261, 0.4394022, 0.37861574, 0.34171233, 0.31286937, 0.29057375, 0.27398652, 0.25819427, 0.2444131, 0.23453084, 0.22370909, 0.21482366, 0.20606567, 0.19825187, 0.19144507, 0.18451741, 0.18031262, 0.17363334, 0.16918927, 0.1652463, 0.16045122, 0.15790942, 0.15268327, 0.14978145, 0.14604236, 0.14364614, 0.140516, 0.13832957, 0.13596253, 0.13263011, 0.13174109, 0.12906107, 0.12707286, 0.12517624, 0.12252936, 0.12152507, 0.119154155, 0.11836304, 0.11571355, 0.11495565, 0.113093086, 0.11233488, 0.11148216, 0.109368734, 0.10868871, 0.10738448]
[2.0466468, 0.8606665, 0.5359593, 0.43877852, 0.3850424, 0.34710562, 0.32108343, 0.29965422, 0.28153872, 0.26674476, 0.25262704, 0.24178636, 0.23138526, 0.22413625, 0.21302739, 0.21096489, 0.20107412, 0.19624044, 0.1911866, 0.18790829, 0.18001115, 0.17776766, 0.17663619, 0.17289773, 0.17006601, 0.16577484, 0.16404684, 0.16278863, 0.15959701, 0.15930706, 0.15648691, 0.15543094, 0.15513615, 0.15258506, 0.15188004, 0.15009908]
[2.074236, 1.059615, 0.5730776, 0.42998043, 0.36346906, 0.3209972, 0.29134622, 0.2677323, 0.24997117, 0.23329411, 0.22225317, 0.21162882, 0.20229289, 0.19430912, 0.18541017, 0.18024145, 0.17531809, 0.1699626, 0.16570404, 0.16061069, 0.15835026, 0.15373768, 0.15152574, 0.14885038, 0.14625432, 0.14381878, 0.14180356, 0.1397042, 0.1380306, 0.13649093, 0.1350616, 0.13307902, 0.13152291, 0.1309484, 0.12968229, 0.12980025, 0.12762341, 0.12639385, 0.12493067, 0.12554261]
[0.23284073, 0.11663751, 0.108981, 0.10220172]
[0.4390116, 0.14261629, 0.11728886, 0.10656618, 0.09988294, 0.09641464, 0.0934778, 0.09172769, 0.090428814, 0.087127544, 0.08738381, 0.08563606, 0.086382754, 0.08524802]
[1.9750277, 0.6962204, 0.49279174, 0.43720844, 0.40685403, 0.38591513, 0.37246257, 0.35874382, 0.35336083, 0.34442505, 0.3362043, 0.33193326, 0.32926124, 0.3219357, 0.3225642, 0.31836325, 0.3186602, 0.31473917, 0.31477183, 0.31357712, 0.31075227, 0.30966467, 0.30773827, 0.30810666]
[1.143503, 0.3393294, 0.2569317, 0.21232577, 0.18322302, 0.16229917, 0.14807253, 0.13642523, 0.12615366, 0.12096925, 0.1157463, 0.110464945, 0.10650535, 0.1027433, 0.09992297, 0.09810259, 0.09557843, 0.092806704, 0.09047574, 0.08918762, 0.08842508, 0.08700846, 0.085731894, 0.08507368, 0.08334017, 0.08286357]
[1.6535832, 0.60718757, 0.4339284, 0.3616614, 0.31613338, 0.28760037, 0.26081675, 0.23996967, 0.2215638, 0.20468993, 0.19359611, 0.17963433, 0.17115808, 0.16011015, 0.15486395, 0.14638601, 0.14155899, 0.13579564, 0.13002743, 0.12550393, 0.122841015, 0.118954085, 0.11500277, 0.11281104, 0.108353585, 0.10643769, 0.10646704, 0.10296257, 0.100472435, 0.1004918, 0.097608544, 0.09571523, 0.09533128, 0.093328625, 0.09197322, 0.09125425, 0.090304345, 0.089190304]
[2.2222545, 1.6140699, 0.97258526, 0.7224064, 0.61459184, 0.5508148, 0.50455314, 0.47544506, 0.44714063, 0.4225681, 0.4048148, 0.38851663, 0.37246704, 0.36233208, 0.34805974, 0.33650243, 0.32819176, 0.32039133, 0.3097508, 0.30127054, 0.29701537, 0.28948054, 0.2801643, 0.27765253, 0.26994625, 0.26663524, 0.26165122, 0.25677875, 0.25485557, 0.2505382, 0.24503554, 0.24164893, 0.2380889, 0.23704477, 0.23221272, 0.22964047, 0.22558503, 0.226609, 0.22032173, 0.22173423, 0.2167925, 0.21697031, 0.21543062, 0.21269765, 0.21099438, 0.20939161, 0.20907046, 0.20830876, 0.2043859, 0.20402625]
[0.46645626, 0.16758345, 0.13594697, 0.12350999, 0.115894124, 0.11198562, 0.10807711, 0.1054871, 0.10587534, 0.102919914, 0.10284983, 0.09944938, 0.09938896]
[0.35698414, 0.27042148, 0.26856017, 0.267636, 0.26233643, 0.26589635, 0.25908452, 0.26195407, 0.25978744]
[2.27572, 2.0642538, 1.3066632, 0.79912156, 0.6255318, 0.5383564, 0.48015836, 0.43852466, 0.41051203, 0.38379467, 0.36453527, 0.3475286, 0.33125475, 0.31637698, 0.3043989, 0.2970533, 0.28434917, 0.27492735, 0.26589444, 0.26025638, 0.25121617, 0.24782261, 0.23850477, 0.23483016, 0.23019494, 0.22330771, 0.21985933, 0.21760675, 0.21275146, 0.2087889, 0.20601213, 0.19960783, 0.19819736, 0.19418758, 0.1923517, 0.19088133, 0.18759735, 0.1850837, 0.18346527, 0.18119751, 0.17890394, 0.17634149, 0.17531285, 0.17335233, 0.17046069, 0.16939822, 0.16784477, 0.16649532, 0.16562986, 0.1628713]
[0.6746151, 0.21232507, 0.15205061, 0.12146303, 0.10422707, 0.088585675, 0.07857907, 0.07056468, 0.06548573, 0.060541585, 0.055694245, 0.05162598, 0.04887078, 0.046373628, 0.042545374, 0.040863596, 0.038947728, 0.03697326, 0.035321545]
[1.0615841, 0.34150064, 0.24765515, 0.20400795, 0.17660144, 0.15595487, 0.14525308, 0.1352498, 0.1280621, 0.11668398, 0.11138, 0.10758753, 0.104009986, 0.1001938, 0.09375988, 0.09208524, 0.08909727, 0.08915262, 0.08583801, 0.082021244, 0.081984244, 0.080580816, 0.075266905]
[1.7156149, 0.591118, 0.39978004, 0.32734403, 0.2780871, 0.24141271, 0.21590479, 0.19646399, 0.17983618, 0.16523658, 0.15436836, 0.14327748, 0.13692568, 0.12918891, 0.12439823, 0.116947085, 0.11337125, 0.10938705, 0.10392512, 0.09982919, 0.097554505, 0.09333999, 0.09193546, 0.08900539, 0.08611241, 0.08488592, 0.08066921, 0.08012842, 0.077651806, 0.075507626, 0.07441362, 0.073091194, 0.07054272, 0.06868015, 0.068016075, 0.06683299]
[0.57776076, 0.2073934, 0.16512768, 0.14925943, 0.13722016, 0.13297524, 0.12990071, 0.125803, 0.12593068, 0.12395717, 0.12241441, 0.12105121, 0.119846284, 0.11882959]
[2.2540922, 1.8922428, 1.0083672, 0.6455262, 0.5195459, 0.4565473, 0.41283992, 0.37777105, 0.35094872, 0.3264749, 0.30723926, 0.29203108, 0.27376038, 0.26461247, 0.25157386, 0.23939435, 0.2309978, 0.2233024, 0.21317102, 0.2073223, 0.20141602, 0.1963064, 0.18923454, 0.18648909, 0.18179768, 0.17251058, 0.17203593, 0.16726013, 0.16086882, 0.15887539, 0.15561979, 0.15182951, 0.15087602, 0.14604035, 0.14259972, 0.14134115, 0.13836831, 0.13857947, 0.13437751, 0.13192008, 0.13232377, 0.12846184, 0.12533538, 0.12383051, 0.12243278, 0.12089172, 0.119517416, 0.11900324, 0.114131615, 0.11543599]
[0.33253092, 0.2583233, 0.24486357, 0.24322787, 0.2419761]
[0.4018287, 0.2753758, 0.27266902]
[2.2826927, 2.217128, 2.034657, 1.4965748, 0.915446, 0.66136765, 0.54641134, 0.4763343, 0.4345232, 0.40074918, 0.37531275, 0.35557723, 0.33671635, 0.3208492, 0.30644956, 0.29286748, 0.28111336, 0.2716492, 0.2645907, 0.25452542, 0.24756585, 0.23849094, 0.23335652, 0.22559327, 0.22033504, 0.21632637, 0.21035527, 0.20322612, 0.20218435, 0.19522251, 0.19005589, 0.18958259, 0.18595985, 0.18226135, 0.1793034, 0.17531298, 0.17249767, 0.16952004, 0.16577283, 0.16459517, 0.1610509, 0.15926915, 0.1569801, 0.15526845, 0.15212598, 0.15046367, 0.14880367, 0.14613491, 0.14548136, 0.14555614]
[0.27668822, 0.21907532, 0.21260339, 0.21146965, 0.2089256, 0.20974275]
[2.179438, 1.053595, 0.49638766, 0.3907489, 0.33453605, 0.29483414, 0.26305014, 0.23798555, 0.2189227, 0.2034754, 0.1899277, 0.17460777, 0.16871054, 0.1587497, 0.15108937, 0.14460827, 0.13857193, 0.13348551, 0.12842049, 0.123343356, 0.120254606, 0.115545236, 0.1133598, 0.10950793, 0.10520821, 0.10465652, 0.10098458, 0.09801422, 0.09776861, 0.093234405, 0.09166756, 0.08981738, 0.0894106, 0.0881398, 0.08641585, 0.08294447, 0.083116114, 0.08253058, 0.08072116]
[0.48087585, 0.16832629, 0.1271838, 0.10902117, 0.099598736, 0.08807582, 0.08307254, 0.07906674, 0.07606614, 0.072179355, 0.0689036, 0.066950016, 0.06322285, 0.06269616, 0.061412983, 0.060407024]
[0.49664214, 0.17520085, 0.13107218, 0.1081066, 0.09545049, 0.08673466, 0.078490354, 0.07051766, 0.06929748, 0.063260905, 0.057714947, 0.05524896, 0.05379851, 0.05151996, 0.048430886, 0.047306184, 0.046977244, 0.043984715, 0.041921634]
[0.8842274, 0.32099518, 0.25480792, 0.20537037, 0.17186072, 0.14650953, 0.12685369, 0.116576836, 0.10590599, 0.0974528, 0.090026066, 0.084877826, 0.0789646, 0.07586322, 0.07034644, 0.06841325, 0.06359747, 0.062039908, 0.058022592, 0.056834187, 0.05372814, 0.05418996, 0.04870406, 0.04891735]
[0.53820294, 0.17966528, 0.12757032, 0.105117634, 0.08811971, 0.075394064, 0.07109672, 0.062987134, 0.058385443, 0.05425649, 0.05194163, 0.046544515, 0.04488506, 0.039486688, 0.03956428, 0.03628092, 0.035694823, 0.03539873, 0.032156084]
[2.1746, 1.1726961, 0.6136257, 0.4877614, 0.41822055, 0.3766443, 0.34517375, 0.31983203, 0.30172572, 0.2857665, 0.2733369, 0.2588112, 0.2500795, 0.24074419, 0.23253068, 0.22845109, 0.21880502, 0.21550867, 0.20802225, 0.20417233, 0.2033848, 0.19546203, 0.193162, 0.18725646, 0.18715471, 0.18405038, 0.18047623, 0.1787208, 0.17477953, 0.17372489, 0.1708118, 0.17078295, 0.16801782, 0.16615732, 0.16421783, 0.16337556, 0.16030449, 0.1594259]
[2.1722841, 0.7915496, 0.40466753, 0.3210273, 0.27149767, 0.23914075, 0.21232, 0.19178827, 0.17885418, 0.16490816, 0.15396836, 0.14503127, 0.13714361, 0.13142376, 0.1243361, 0.119774446, 0.11533873, 0.11095528, 0.10721463, 0.10473783, 0.10054818, 0.09865397, 0.09452588, 0.0923194, 0.091850206, 0.08727763, 0.08655757, 0.084257014, 0.083566934, 0.0815315, 0.080103084]
[0.875501, 0.21434863, 0.15056178, 0.12399554, 0.10946202, 0.096269436, 0.09006029, 0.084740415, 0.07837047, 0.07405141, 0.07188038, 0.067211956, 0.06505183, 0.06401006, 0.06061899, 0.05960895, 0.0570301, 0.054517135, 0.053717908]
[2.2837002, 2.2131307, 2.0190275, 1.4429847, 0.8512888, 0.6238008, 0.51900214, 0.46481615, 0.42721143, 0.40164372, 0.37914658, 0.36183497, 0.34612072, 0.33603063, 0.32126847, 0.31268442, 0.30241597, 0.29139277, 0.2841156, 0.27690417, 0.26992115, 0.26178995, 0.2577061, 0.2516321, 0.24428686, 0.24012333, 0.23460905, 0.23105453, 0.22759373, 0.22400542, 0.21734212, 0.21487065, 0.21138674, 0.20855908, 0.20441936, 0.20336641, 0.20013529, 0.19731669, 0.19510819, 0.19284761, 0.19216856, 0.18775956, 0.18803672, 0.18410464, 0.1833017, 0.18156114, 0.17920761, 0.17798242, 0.17573112, 0.17542708]
[0.36396196, 0.10676463, 0.075564384, 0.062386587, 0.05206055, 0.04377734, 0.04011797, 0.0355807, 0.032593418, 0.02863318, 0.026360229, 0.023735918, 0.02235608]
[0.5806452, 0.32667103, 0.30745196, 0.30166823, 0.29949954, 0.29619864, 0.29587317, 0.29609945, 0.29644507, 0.29525432, 0.29400256, 0.2957676]
[2.2963657, 2.285198, 2.273511, 2.2587168, 2.2412472, 2.2161794, 2.1804504, 2.1253655, 2.0409148, 1.909427, 1.7362411, 1.5370772, 1.3392348, 1.1637702, 1.0242041, 0.91760325, 0.8381826, 0.7714038, 0.7166019, 0.679957, 0.6478503, 0.6188681, 0.59595555, 0.57266986, 0.55825955, 0.5403942, 0.52561826, 0.514093, 0.50435984, 0.4900366, 0.48206893, 0.46709982, 0.4628395, 0.45503962, 0.44393864, 0.43652835, 0.43014103, 0.4214472, 0.41506502, 0.4122877, 0.4048007, 0.3979433, 0.39429802, 0.39208895, 0.38188598, 0.37881184, 0.37416044, 0.3700188, 0.36726916, 0.36203605]
[0.7664116, 0.20061742, 0.13992962, 0.113422915, 0.09829482, 0.088125475, 0.07942305, 0.07386846, 0.06940216, 0.06401988, 0.06125407, 0.05730299, 0.055656172, 0.052642304, 0.05030645, 0.048396852, 0.04618047, 0.044239584]
[2.290705, 2.2666113, 2.2389812, 2.2057712, 2.1628783, 2.105203, 2.0260818, 1.9135381, 1.752708, 1.5482353, 1.3247541, 1.124118, 0.9667004, 0.84721404, 0.7635757, 0.7014434, 0.64913535, 0.6104727, 0.57908463, 0.55427873, 0.52965194, 0.5090693, 0.4926749, 0.4750494, 0.4630485, 0.45106718, 0.44183964, 0.42780814, 0.4195561, 0.41214913, 0.39947107, 0.3937613, 0.3873015, 0.3791303, 0.37361956, 0.3648351, 0.3609658, 0.35355502, 0.34876236, 0.34227815, 0.3365159, 0.33277366, 0.32973137, 0.32224542, 0.31955191, 0.3147132, 0.31141388, 0.30721366, 0.3050407, 0.29914063]
[2.2977996, 2.2790372, 2.2560084, 2.223318, 2.173695, 2.0877116, 1.9317192, 1.6710819, 1.3344666, 1.0391614, 0.84137523, 0.718717, 0.6376705, 0.58072793, 0.537823, 0.5047612, 0.47940233, 0.45701134, 0.4361405, 0.4199261, 0.4077607, 0.3950554, 0.384035, 0.3744676, 0.3646831, 0.35442892, 0.34938127, 0.34189007, 0.33324382, 0.32689038, 0.32370248, 0.3179635, 0.31155705, 0.3075506, 0.30140075, 0.29646456, 0.29155335, 0.28686535, 0.28290886, 0.27906212, 0.27676845, 0.271192, 0.26846516, 0.26338553, 0.2618151, 0.25704798, 0.2549399, 0.25021106, 0.24633871, 0.24247462]
[0.30913392, 0.14433864, 0.12915282, 0.1250212, 0.11918825, 0.119456016, 0.116817676, 0.11763646, 0.115429305, 0.11392811, 0.11279868]
[2.296432, 2.2786918, 2.257339, 2.2261143, 2.1746292, 2.0778375, 1.8842751, 1.5427673, 1.1671854, 0.9154588, 0.76880574, 0.6788445, 0.6197788, 0.57536614, 0.54305655, 0.51711476, 0.49209502, 0.4717711, 0.45310554, 0.44188398, 0.43146256, 0.41631132, 0.40419337, 0.39359376, 0.3845605, 0.3765593, 0.36869892, 0.35767707, 0.34813964, 0.34419796, 0.3355549, 0.33159167, 0.3241311, 0.31461105, 0.30892718, 0.3067255, 0.30095166, 0.29449877, 0.29126263, 0.28590024, 0.28095484, 0.2745645, 0.27053297, 0.26776078, 0.26364344, 0.25832602, 0.2568242, 0.2534393, 0.24875619, 0.2434411]
[0.33876967, 0.12397821, 0.09867304, 0.08554436, 0.07884598, 0.074125044, 0.072372034, 0.06662924, 0.06524768, 0.06431164, 0.061496343, 0.06009968, 0.05861217, 0.058938853, 0.059168838, 0.059545655, 0.05752353]
[2.3003805, 2.287655, 2.2725842, 2.2489417, 2.2064645, 2.1099808, 1.8659705, 1.4155277, 1.0275384, 0.82150495, 0.7076748, 0.63766664, 0.5823161, 0.54667985, 0.51966906, 0.4948875, 0.47548983, 0.4548809, 0.44067943, 0.42475364, 0.41611353, 0.40220273, 0.3920486, 0.3830707, 0.37250805, 0.36507246, 0.35844132, 0.3502252, 0.3441494, 0.33596498, 0.33298993, 0.32556048, 0.31664625, 0.3103918, 0.31010255, 0.3048923, 0.29674616, 0.29721916, 0.28954414, 0.2867502, 0.28197208, 0.27969655, 0.2772981, 0.27116498, 0.26886877, 0.2646318, 0.26437163, 0.25965413, 0.25885218, 0.25665355]
[2.3094587, 2.298143, 2.2880394, 2.2775626, 2.2668424, 2.2561214, 2.24436, 2.2316256, 2.2174177, 2.1997323, 2.1800303, 2.1574218, 2.1296785, 2.0968604, 2.0575407, 2.0101695, 1.9532441, 1.8830075, 1.8011016, 1.7051526, 1.6001328, 1.4847503, 1.365789, 1.252317, 1.1474841, 1.0508863, 0.9701767, 0.90170217, 0.83975506, 0.79015756, 0.748737, 0.709678, 0.6798373, 0.65212077, 0.6291774, 0.6091106, 0.5900835, 0.5745113, 0.55617726, 0.54543495, 0.53010815, 0.5224054, 0.51049787, 0.5032945, 0.49336636, 0.48524818, 0.47708794, 0.46893802, 0.4645959, 0.4593774]
